### Calibration oh the thermal camera

topic_radar_scan: "/sensor_platform/camera_thermal/img"

## intrinsic parameters: pinhole-equidistant (=cv::fisheye)
image_width: 640
image_height: 512
camera_matrix:
  - [ 404.98, 0.0, 319.05]
  - [ 0.0, 405.06, 251.84]
  - [ 0.0, 0.0, 1.0]
distortion_model: equidistant
distortion_coefficients: [ -0.09202092749042277, 0.04012198239889151, -0.03795923559427829, 0.010728597805678742 ]

## extrinsic parameters
# transforms from the thermal camera to the imu frame: p_imu = T_imu_thermal * p_thermal
T_imu_thermal:
  - [ 0.03200098, -0.00996519,  0.99943816, 0.03]
  - [-0.99948614, -0.00215939,  0.03198098, 0.02]
  - [ 0.00183948, -0.99994801, -0.01002917, -0.005]
  - [0.,0.,0.,1.]

# transforms from the thermal camera to the thermal camera frame:  p_thermal = T_thermal_visual * p_visual
T_thermal_visual:
  - [ 9.99991392e-01  1.33213644e-03  4.00177765e-03  3.91749520e-04]
  - [-1.30637678e-03  9.99979147e-01 -6.31485658e-03 -3.90976243e-02]
  - [-4.01097082e-03  6.30989582e-03  9.99971838e-01  9.60324397e-03]
  - [ 0.00000000e+00  0.00000000e+00  0.00000000e+00  1.00000000e+00]

# transforms from the radar frame to the thermal camera frame:  p_thermal = T_thermal_radar * p_radar
T_thermal_radar:
  - [  9.99943971e-01  1.06349530e-02 -4.27393669e-03 -1.90940752e-02]
  - [ -6.79812685e-04 -2.79824291e-02  9.99597968e-01  3.46560369e-02]
  - [ -1.05637311e-02  9.99551842e-01  2.80291899e-02  3.09737853e-02]
  - [  0.00000000e+00  0.00000000e+00  0.00000000e+00  1.00000000e+00]
