### Calibration oh the visual camera

topic_radar_scan: "/sensor_platform/camera_visual/img"

## intrinsic parameters: pinhole-equidistant (=cv::fisheye)
image_width: 640
image_height: 512
camera_matrix:
  - [ 372.51, 0.0, 318.77]
  - [ 0.0, 372.51, 253.24]
  - [ 0.0, 0.0, 1.0 ]
distortion_model: equidistant
distortion_coefficients: [ 0.013404032824313381, 0.013570186060580948, -0.011005228038287808, 0.0040591597486 ]

## extrinsic parameters
# transforms from the visual camera to the imu frame:  p_imu = T_imu_visual * p_visual
T_imu_visual:
  - [ 0.028005, -0.003616, 0.999601, 0.040]
  - [ -0.999603, -0.003289, 0.027994, 0.020]
  - [ 0.003186, -0.999988, -0.003707, 0.034]
  - [ 0.,0.,0.,1.]

# transforms from the thermal camera to the visual camera frame:  p_visual = T_visual_thermal * p_thermal
T_visual_thermal:
  - [ 9.99991392e-01, -1.30637678e-03, -4.01097082e-03, -4.04304000e-04]
  - [ 1.33213644e-03,  9.99979147e-01,  6.30989582e-03,  3.90356920e-02]
  - [ 4.00177765e-03, -6.31485658e-03,  9.99971838e-01, -9.85143700e-03]
  - [ 0.00000000e+00,  0.00000000e+00,  0.00000000e+00,  1.00000000e+00]

# transforms from the radar frame to the visual camera frame:  p_visual = T_visual_radar * p_radar
T_visual_radar:
  - [ 9.99978632e-01,  6.66223802e-03, -5.69217613e-03, -1.96677240e-02]
  - [ 5.85607039e-04, -2.16606087e-02,  9.99748301e-01,  7.38610120e-02]
  - [-6.55759302e-03,  9.99742953e-01,  2.16989813e-02,  2.08262180e-02]
  - [ 0.00000000e+00,  0.00000000e+00,  0.00000000e+00,  1.00000000e+00]
